northwest_territories={
	location=4980
	color={
95 65 35 	}
	outgoing={
		name="james_bay"
		path={
			4983 4986 4989 2599 5000 5035 2595 5002 1006 1487 
		}
		control={
			686.000000 2133.000000 707.000000 2108.000000 709.000000 2097.000000 706.000000 2089.000000 725.000000 2085.000000 743.000000 2080.000000 755.000000 2072.000000 772.000000 2067.000000 789.000000 2072.000000 809.000000 2062.000000 855.000000 2070.000000 865.000000 2059.000000 877.000000 2046.000000 893.000000 2030.000000 894.000000 2023.000000 893.000000 1997.000000 890.000000 1984.000000 896.000000 1972.000000 914.000000 1959.000000 935.000000 1952.000000 956.000000 1957.000000 982.000000 1953.000000 1001.000000 1951.000000 1015.000000 1947.000000 1032.000000 1951.000000 1043.000000 1957.000000 1061.000000 1953.000000 1070.000000 1969.000000 1091.000000 1977.000000 1107.000000 1987.000000 1131.000000 1982.000000 1142.000000 1990.000000 1147.000000 1998.000000 1161.000000 2006.000000 1163.000000 2018.000000 1187.000000 2018.000000 
		}
	}
	outgoing={
		name="columbia"
		path={
			4983 4986 4989 2599 5000 
		}
		control={
			686.000000 2133.000000 707.000000 2108.000000 709.000000 2097.000000 706.000000 2089.000000 725.000000 2085.000000 743.000000 2080.000000 755.000000 2072.000000 772.000000 2067.000000 789.000000 2072.000000 809.000000 2062.000000 855.000000 2070.000000 865.000000 2059.000000 877.000000 2046.000000 893.000000 2030.000000 894.000000 2023.000000 893.000000 2020.000000 888.000000 2019.000000 883.000000 2021.000000 875.000000 2023.000000 868.000000 2018.000000 861.000000 2015.000000 853.000000 2014.000000 837.000000 2008.000000 824.000000 2009.000000 816.000000 2006.000000 811.000000 2007.000000 811.000000 2003.000000 807.000000 2002.000000 803.000000 2000.000000 805.000000 1994.000000 804.000000 1992.000000 806.000000 1990.000000 804.000000 1986.000000 805.000000 1983.000000 802.000000 1981.000000 803.000000 1979.000000 801.000000 1976.000000 804.000000 1970.000000 799.000000 1961.000000 784.000000 1957.000000 777.000000 1959.000000 776.000000 1964.000000 771.000000 1965.000000 757.000000 1961.000000 740.000000 1964.000000 727.000000 1959.000000 719.000000 1962.000000 709.000000 1958.000000 697.000000 1959.000000 709.000000 1938.000000 720.000000 1925.000000 717.000000 1916.000000 718.000000 1909.000000 715.000000 1906.000000 721.000000 1898.000000 721.000000 1891.000000 723.000000 1887.000000 724.000000 1880.000000 722.000000 1877.000000 725.000000 1866.000000 730.000000 1860.000000 730.000000 1855.000000 736.000000 1842.000000 737.000000 1833.000000 731.000000 1827.000000 724.000000 1824.000000 717.000000 1827.000000 708.000000 1824.000000 708.000000 1809.000000 693.000000 1811.000000 682.000000 1811.000000 690.000000 1786.000000 
		}
	}
	members={
		2599 2600 2601 2603 4980 4985 4983 4986 4987 5041 4989 4976 4978 5001 5122 5000 5033 5126 1812 4984 4972 1814 4981 5040 4982 
	}
}
columbia={
	location=1558
	color={
25 160 70 	}
	outgoing={
		name="california"
		path={
			1557 1556 
		}
		control={
			684.000000 1749.000000 679.000000 1706.000000 685.000000 1661.000000 706.000000 1623.000000 
		}
	}
	outgoing={
		name="james_bay"
		path={
			873 4945 2488 2487 4947 2605 2018 1011 2017 2597 1813 2594 1005 1487 
		}
		control={
			708.000000 1770.000000 714.000000 1767.000000 719.000000 1758.000000 733.000000 1761.000000 743.000000 1760.000000 773.000000 1765.000000 774.000000 1771.000000 771.000000 1773.000000 768.000000 1780.000000 760.000000 1779.000000 758.000000 1791.000000 755.000000 1796.000000 763.000000 1804.000000 772.000000 1805.000000 785.000000 1801.000000 788.000000 1808.000000 788.000000 1814.000000 792.000000 1820.000000 796.000000 1824.000000 795.000000 1829.000000 790.000000 1831.000000 789.000000 1837.000000 792.000000 1852.000000 788.000000 1862.000000 781.000000 1871.000000 782.000000 1881.000000 795.000000 1888.000000 790.000000 1895.000000 790.000000 1902.000000 801.000000 1910.000000 805.000000 1917.000000 818.000000 1924.000000 834.000000 1922.000000 845.000000 1927.000000 858.000000 1909.000000 866.000000 1914.000000 873.000000 1921.000000 882.000000 1919.000000 890.000000 1915.000000 899.000000 1915.000000 909.000000 1914.000000 921.000000 1909.000000 932.000000 1903.000000 943.000000 1894.000000 955.000000 1887.000000 964.000000 1889.000000 967.000000 1895.000000 978.000000 1904.000000 996.000000 1904.000000 1010.000000 1908.000000 1023.000000 1914.000000 1031.000000 1910.000000 1041.000000 1912.000000 1053.000000 1916.000000 1064.000000 1909.000000 1073.000000 1903.000000 1089.000000 1904.000000 1106.000000 1912.000000 1100.000000 1921.000000 1103.000000 1926.000000 1102.000000 1929.000000 1105.000000 1932.000000 1102.000000 1938.000000 1110.000000 1941.000000 1120.000000 1946.000000 1125.000000 1954.000000 1129.000000 1962.000000 1141.000000 1967.000000 1154.000000 1967.000000 1166.000000 1971.000000 1176.000000 1977.000000 1187.000000 1979.000000 1200.000000 1987.000000 
		}
	}
	outgoing={
		name="mississippi_river"
		path={
			873 4945 2483 2019 2489 2020 2506 1809 2009 903 898 2509 2515 897 895 2014 893 1507 
		}
		control={
			708.000000 1770.000000 714.000000 1767.000000 719.000000 1758.000000 733.000000 1761.000000 743.000000 1760.000000 773.000000 1765.000000 776.000000 1771.000000 780.000000 1773.000000 784.000000 1777.000000 791.000000 1777.000000 800.000000 1778.000000 807.000000 1770.000000 807.000000 1766.000000 814.000000 1758.000000 803.000000 1738.000000 807.000000 1733.000000 807.000000 1723.000000 822.000000 1712.000000 834.000000 1711.000000 847.000000 1704.000000 859.000000 1705.000000 870.000000 1707.000000 891.000000 1721.000000 927.000000 1696.000000 982.000000 1709.000000 1002.000000 1696.000000 1032.000000 1684.000000 1060.000000 1679.000000 1088.000000 1670.000000 1115.000000 1683.000000 1135.000000 1676.000000 1141.000000 1663.000000 1152.000000 1654.000000 1157.000000 1643.000000 1179.000000 1646.000000 1195.000000 1634.000000 1203.000000 1636.000000 1214.000000 1633.000000 1225.000000 1639.000000 1231.000000 1623.000000 1239.000000 1599.000000 1211.000000 1550.000000 1213.000000 1525.000000 1202.000000 1505.000000 1209.000000 1493.000000 1212.000000 1486.000000 1223.000000 1478.000000 1227.000000 1467.000000 
		}
	}
	outgoing={
		name="alaska"
		path={
			1559 1561 1560 
		}
		control={
			671.000000 1813.000000 623.000000 1854.000000 579.000000 1924.000000 541.000000 1934.000000 498.000000 1989.000000 425.000000 2027.000000 334.000000 2012.000000 
		}
	}
	members={
		975 974 972 2610 2609 2022 973 2484 2485 874 873 872 2481 2482 2483 2486 2489 2604 2605 2606 2607 2488 2019 2003 2487 2020 976 2613 4941 4949 4946 4956 4958 4947 4948 4960 4940 4942 4943 4944 4945 4961 1913 1558 871 2477 2480 5031 4988 2018 
	}
}
alaska={
	location=1560
	color={
225 225 225 	}
	outgoing={
		name="girin"
		path={
			1680 1681 1668 1667 1442 1441 1440 1386 1378 2106 2108 730 
		}
		control={
			239.000000 2012.000000 144.000000 1934.000000 8.000000 1894.000000 5465.000000 1861.000000 5295.000000 1880.000000 5142.109863 1837.150024 5050.000000 1838.000000 4979.000000 1792.000000 4898.000000 1763.000000 4823.000000 1757.000000 4733.000000 1694.000000 4700.000000 1713.000000 4686.000000 1722.000000 4661.000000 1712.000000 
		}
	}
	members={
		1560 978 977 2611 2612 4920 4921 4922 4923 4924 4925 4928 4929 4930 4932 4931 4933 4934 4935 4968 4969 4970 4971 4926 4927 4936 4977 4937 4938 5127 5111 5112 5120 5121 1810 
	}
}
african_great_lakes={
	location=1649
	color={
57 168 220 	}
	outgoing={
		name="zanzibar"
		path={
			1273 1202 
		}
		control={
			3166.000000 945.000000 3193.000000 906.000000 3256.000000 887.000000 
		}
	}
	outgoing={
		name="kongo"
		path={
			4063 4070 4099 
		}
		control={
			3124.000000 973.000000 3106.000000 940.000000 
		}
	}
	members={
		1273 1649 1798 1799 1925 4051 4052 4053 4054 4055 4056 4057 4058 4059 4060 4061 4062 4063 4064 4065 4066 4067 4068 4069 4070 4071 4072 4073 4074 4075 4076 4077 4103 4109 3833 3834 3835 3836 
	}
}
kongo={
	location=4097
	color={
171 148 148 	}
	outgoing={
		name="ivory_coast"
		path={
			1170 1464 
		}
		control={
			3002.000000 944.000000 2951.000000 945.000000 2895.000000 963.000000 2831.000000 924.000000 2770.000000 965.000000 2761.000000 1053.000000 2683.000000 1069.000000 
		}
	}
	outgoing={
		name="zambezi"
		path={
			4046 1191 1187 
		}
		control={
			3085.000000 889.000000 3120.000000 860.000000 3147.000000 823.000000 3116.000000 768.000000 3154.000000 764.000000 
		}
	}
	members={
		798 1170 4081 4082 4083 4084 4085 4086 4087 4088 4089 4090 4091 4092 4093 4094 4095 4096 4097 4098 4099 4101 4105 4100 4107 4108 3799 3800 3801 3802 3803 3804 3805 3806 3807 3808 3809 3810 3811 3812 3813 3814 3815 3816 3817 3818 3819 3820 3821 3822 3823 3824 3825 3826 3827 3828 3829 3830 3831 3832 
	}
}
zambezi={
	location=1191
	color={
32 164 51 	}
	outgoing={
		name="zanzibar"
		path={
			1192 1195 1196 
		}
		control={
			3213.000000 730.000000 3259.000000 783.000000 
		}
	}
	members={
		1184 1185 1187 1188 1189 1190 1191 1800 2950 2951 2952 4034 4035 4036 4037 4038 4039 4040 4041 4042 4043 4044 4045 4046 4047 4048 4050 4102 4104 4106 
	}
}
patagonia={
	location=2868
	outgoing={
		name="laplata"
		path={
			1537 1536 
		}
		control={
			1622.000000 335.000000 1640.000000 324.000000 1668.000000 324.000000 1707.000000 341.000000 1744.000000 378.000000 1758.000000 415.000000 1749.000000 430.000000 
		}
	}
	members={
		2868 2876 2869 786 2873 2874 780 781 782 783 1095 2870 2871 2875 784 785 2872 787 2863 
	}
}
amazonas_node={
	location=2935
	outgoing={
		name="brazil"
		path={
			1529 1530 1531 
		}
		control={
			1838.000000 975.000000 1844.000000 978.000000 1854.000000 978.000000 1866.000000 980.000000 1874.000000 985.000000 1888.000000 1001.000000 1934.000000 991.000000 1978.000000 970.000000 2039.000000 964.000000 2099.000000 923.000000 
		}
	}
	outgoing={
		name="carribean_trade"
		path={
			1529 1528 1527 1522 1520 1521 1516 
		}
		control={
			1822.000000 983.000000 1825.000000 983.000000 1828.000000 986.000000 1835.000000 991.000000 1836.000000 995.000000 1842.000000 1000.000000 1847.000000 1006.000000 1849.000000 1010.000000 1865.000000 1025.000000 1856.000000 1059.000000 1833.000000 1098.000000 1750.000000 1116.000000 1707.000000 1161.000000 1665.000000 1188.000000 1599.000000 1209.000000 1489.000000 1229.000000 
		}
	}
	members={
		1802 1803 2909 2910 2911 2929 2930 2931 2933 2934 2935 2889 2937 2938 2804 2811 742 743 744 2810 747 748 749 2890 2923 2924 2925 2926 2927 2928 745 746 2936 2815 2812 834 3942 3943 3944 3945 3946 3947 3948 3949 3950 3951 3952 3953 3954 3955 3956 3957 3958 3959 3960 3961 3962 3963 3964 
	}
}
california={
	location=1556
	color={
250 150 10 	}
	outgoing={
		name="mexico"
		path={
			1555 1554 1552 1551 
		}
		control={
			719.000000 1578.000000 753.000000 1528.000000 880.299988 1372.900024 959.590027 1311.500000 
		}
	}
	outgoing={
		name="rio_grande"
		path={
			5030 869 868 5018 2478 5042 867 876 879 2494 881 2498 2666 2499 
		}
		control={
			725.000000 1610.000000 734.000000 1604.000000 736.000000 1592.000000 748.000000 1579.000000 753.000000 1573.000000 758.000000 1566.000000 768.000000 1564.000000 777.000000 1559.000000 787.000000 1564.000000 799.000000 1564.000000 817.000000 1561.000000 827.000000 1563.000000 840.000000 1553.000000 841.000000 1541.000000 846.000000 1533.000000 859.000000 1536.000000 869.000000 1539.000000 879.000000 1544.000000 887.000000 1539.000000 898.000000 1539.000000 912.000000 1539.000000 921.000000 1535.000000 930.000000 1541.000000 943.000000 1539.000000 954.000000 1537.000000 958.000000 1532.000000 964.000000 1528.000000 969.000000 1517.000000 986.000000 1502.000000 995.000000 1496.000000 998.000000 1489.000000 1002.000000 1480.000000 1011.000000 1475.000000 1021.000000 1470.000000 1028.000000 1477.000000 1030.000000 1482.000000 1038.000000 1483.000000 1045.000000 1483.000000 1051.000000 1482.000000 1055.000000 1477.000000 1061.000000 1471.000000 1069.000000 1456.000000 
		}
	}
	outgoing={
		name="nippon"
		path={
			1687 1714 1697 1692 1675 1691 1674 1438 1391 1390 1376 
		}
		control={
			511.000000 1448.000000 191.000000 1327.000000 24.000000 1374.000000 5501.000000 1445.000000 5212.000000 1485.000000 4971.000000 1524.000000 4831.000000 1565.000000 4761.000000 1542.000000 4709.000000 1528.000000 4700.000000 1547.000000 4680.000000 1555.000000 
		}
	}
	members={
		868 867 876 875 870 869 2021 2476 2478 2479 2491 2493 877 879 878 2490 862 865 866 2616 2620 4952 4953 5044 4955 5042 4954 4957 5016 5017 5030 5032 4950 4951 5018 5043 5045 4962 4963 4965 4966 4967 1808 2608 1556 5061 5062 4964 4975 4979 
	}
}
rio_grande={
	location=2499
	outgoing={
		name="mississippi_river"
		path={
			1508 1507 
		}
		control={
			1090.000000 1455.000000 1100.000000 1460.000000 1107.000000 1453.000000 1110.000000 1451.000000 1123.000000 1450.000000 1171.000000 1470.000000 1216.000000 1460.000000 
		}
	}
	outgoing={
		name="mexico"
		path={
			1508 1509 2647 2628 2646 849 1551 
		}
		control={
			1086.000000 1427.000000 1098.000000 1422.000000 1112.000000 1418.000000 1122.000000 1412.000000 1127.000000 1342.000000 1089.000000 1315.000000 1097.000000 1276.000000 
		}
	}
	members={
		883 884 2666 2667 2668 2499 2497 2498 863 864 881 880 882 885 886 887 888 2496 2500 2495 2665 2669 892 891 889 890 861 858 2614 2619 2618 5064 5065 5066 2492 2494 896 
	}
}
girin={
	location=730
	color={
41 82 45 	}
	outgoing={
		name="siberia"
		path={
			2188 2187 725 724 1058 1057 1060 1062 2443 1064 
		}
		control={
			4616.000000 1744.000000 4577.000000 1783.000000 4599.000000 1827.000000 4614.000000 1867.000000 4567.000000 1902.000000 4511.000000 1902.000000 4472.000000 1875.000000 4412.000000 1868.000000 4339.000000 1874.000000 4252.000000 1874.000000 4234.000000 1954.000000 4225.000000 2014.000000 
		}
	}
	outgoing={
		name="beijing"
		path={
			2110 726 704 1816 
		}
		control={
			4595.000000 1719.000000 4564.000000 1692.000000 4528.000000 1677.000000 4506.000000 1660.000000 
		}
	}
	outgoing={
		name="nippon"
		path={
			2111 2743 1377 1376 
		}
		control={
			4634.000000 1706.000000 4657.000000 1701.000000 4682.000000 1696.000000 4703.000000 1628.000000 
		}
	}
	members={
		732 1850 729 1050 1048 1049 2107 2108 2109 2110 2111 2187 2188 2106 2186 724 725 1058 2102 2104 2105 1053 727 728 731 2103 2185 730 1033 1034 1035 1036 1037 1038 1039 1040 1041 1042 1043 1044 1045 1046 1047 1051 1052 1783 2435 2438 2439 2440 2446 2694 2742 2743 979 3714 3715 3716 
	}
}
mississippi_river={
	location=1507
	outgoing={
		name="carribean_trade"
		path={
			1506 1505 1525 1516 
		}
		control={
			1320.000000 1432.000000 1352.000000 1392.000000 1378.000000 1378.000000 1397.000000 1368.000000 1418.449951 1364.709961 1438.000000 1348.000000 1477.000000 1328.000000 
		}
	}
	outgoing={
		name="ohio"
		path={
			921 2529 2528 918 939 940 2526 948 
		}
		control={
			1243.000000 1487.000000 1226.000000 1490.000000 1220.000000 1493.000000 1211.000000 1493.000000 1207.000000 1499.000000 1205.000000 1505.000000 1216.000000 1525.000000 1215.000000 1549.000000 1229.000000 1571.000000 1241.000000 1595.000000 1242.000000 1609.000000 1247.000000 1610.000000 1252.000000 1611.000000 1258.000000 1616.000000 1264.000000 1622.000000 1274.000000 1621.000000 1289.000000 1624.000000 1301.000000 1635.000000 1312.000000 1643.000000 1325.000000 1636.000000 1338.000000 1637.000000 1349.000000 1631.000000 1355.000000 1640.000000 1363.000000 1649.000000 1356.000000 1660.000000 
		}
	}
	members={
		893 894 895 897 898 899 900 901 902 903 904 905 917 918 919 920 921 922 1507 1809 2006 2007 2008 2009 2014 909 906 907 939 2501 2502 2503 2504 2505 2507 2508 2509 2510 2512 2513 2514 2515 2516 2528 2529 2530 2532 2672 916 2520 2625 4959 908 934 935 2527 2531 2506 
	}
}
james_bay={
	location=1487
	color={
193 192 14 	}
	outgoing={
		name="st_lawrence"
		path={
			1486 1004 1002 2590 2588 991 2585 2584 2583 994 1490 
		}
		control={
			1232.000000 1982.000000 1248.000000 1979.000000 1265.000000 1970.000000 1279.000000 1960.000000 1311.000000 1950.000000 1352.000000 1947.000000 1354.000000 1927.000000 1357.000000 1915.000000 1351.000000 1901.000000 1360.000000 1894.000000 1365.000000 1885.000000 1374.000000 1881.000000 1382.000000 1876.000000 1385.000000 1872.000000 1387.000000 1866.000000 1391.000000 1860.000000 1390.000000 1854.000000 1384.000000 1841.000000 1389.000000 1821.000000 1382.000000 1814.000000 1392.000000 1801.000000 1392.000000 1797.000000 1390.000000 1794.000000 1393.000000 1791.000000 1395.000000 1785.000000 1399.000000 1780.000000 1402.000000 1775.000000 1409.000000 1772.000000 1414.000000 1772.000000 1417.000000 1771.000000 1422.000000 1770.000000 1427.000000 1766.000000 1430.000000 1763.000000 1434.000000 1763.000000 1437.000000 1759.000000 1439.000000 1758.000000 1441.000000 1758.000000 1443.000000 1757.000000 1446.000000 1757.000000 1450.000000 1756.000000 1456.000000 1758.000000 1460.000000 1759.000000 1462.000000 1758.000000 1466.000000 1760.000000 1474.000000 1758.000000 1477.000000 1757.000000 1480.000000 1758.000000 1483.000000 1761.000000 1488.000000 1764.000000 1492.000000 1770.000000 1498.000000 1773.000000 1511.000000 1781.000000 1526.000000 1784.000000 1530.000000 1787.000000 1535.000000 1792.000000 1540.000000 1796.000000 1543.000000 1799.000000 1547.000000 1805.000000 1556.000000 1813.000000 1571.000000 1823.000000 
		}
	}
	outgoing={
		name="thingvellir"
		path={
			1488 1485 1483 1482 1924 1481 1498 1477 
		}
		control={
			1328.000000 2019.000000 1369.000000 2095.000000 1441.000000 2100.000000 1505.000000 2098.000000 1594.000000 2050.000000 1630.000000 2059.000000 1685.000000 2016.000000 1802.000000 2073.000000 1875.000000 2051.000000 1908.000000 2049.000000 1957.000000 2029.000000 2079.000000 2073.000000 2247.000000 2104.000000 
		}
	}
	outgoing={
		name="ohio"
		path={
			1486 1004 2591 2015 1001 911 945 2521 944 946 947 948 
		}
		control={
			1232.000000 1982.000000 1248.000000 1979.000000 1265.000000 1970.000000 1279.000000 1960.000000 1311.000000 1950.000000 1352.000000 1947.000000 1354.000000 1927.000000 1357.000000 1915.000000 1351.000000 1901.000000 1360.000000 1894.000000 1365.000000 1885.000000 1374.000000 1881.000000 1380.000000 1873.000000 1373.000000 1865.000000 1359.000000 1853.000000 1335.000000 1852.000000 1320.000000 1841.000000 1319.000000 1821.000000 1310.000000 1804.000000 1308.000000 1797.000000 1313.000000 1793.000000 1313.000000 1787.000000 1317.000000 1784.000000 1316.000000 1778.000000 1310.000000 1775.000000 1309.000000 1766.000000 1312.000000 1760.000000 1316.000000 1759.000000 1321.000000 1755.000000 1328.000000 1752.000000 1329.000000 1740.000000 1321.000000 1728.000000 1324.000000 1718.000000 1337.000000 1714.000000 1341.000000 1708.000000 1339.000000 1702.000000 1336.000000 1700.000000 1333.000000 1693.000000 1330.000000 1689.000000 1335.000000 1684.000000 1340.000000 1680.000000 1349.000000 1680.000000 1355.000000 1669.000000 
		}
	}
	members={
		1487 998 999 1000 1003 1004 1005 1006 1008 1009 1010 1011 1805 1806 1811 1813 2004 2005 2016 2017 2589 2591 2592 2593 2594 2596 2597 2598 2602 2511 1002 4990 4991 4992 4993 4994 4995 4999 5002 5003 5004 5005 5006 5007 5008 5009 5125 2595 5034 5035 5036 5057 
	}
}
ohio={
	location=948
	color={
129 214 238 	}
	inland=yes
	outgoing={
		name="chesapeake_bay"
		path={
			2551 2553 2550 1501 1500 
		}
		control={
			1374.000000 1663.000000 1382.000000 1649.000000 1403.000000 1648.000000 1414.000000 1652.000000 1423.000000 1645.000000 1429.000000 1638.000000 1427.000000 1631.000000 1433.000000 1627.000000 1438.000000 1626.000000 1441.000000 1623.000000 1446.000000 1620.000000 1446.000000 1607.000000 1459.000000 1610.000000 
		}
	}
	outgoing={
		name="st_lawrence"
		path={
			947 1660 987 1659 989 2585 2584 2583 994 1490 
		}
		control={
			1364.000000 1672.000000 1359.000000 1677.000000 1355.000000 1684.000000 1365.000000 1696.000000 1398.000000 1707.000000 1402.000000 1721.000000 1430.000000 1726.000000 1444.000000 1735.000000 1450.000000 1739.000000 1456.000000 1744.000000 1462.000000 1748.000000 1468.000000 1748.000000 1474.000000 1752.000000 1476.000000 1753.000000 1486.000000 1756.000000 1490.000000 1763.000000 1498.000000 1770.000000 1505.000000 1772.000000 1512.000000 1777.000000 1524.000000 1780.000000 1531.000000 1785.000000 1536.000000 1790.000000 1540.000000 1795.000000 1545.000000 1799.000000 1549.000000 1806.000000 1558.000000 1811.000000 1579.000000 1822.000000 
		}
	}
	members={
		940 948 943 2524 2525 2526 946 947 942 2523 2519 2548 951 2551 941 915 914 911 945 2521 2522 944 987 954 2555 958 2670 2586 2587 913 912 2518 2517 910 1007 2015 1001 2671 988 5038 5037 5039 959 960 961 964 989 4973 
	}
}
mexico={
	location=1551
	outgoing={
		name="carribean_trade"
		path={
			847 844 2631 1510 1511 1512 1518 1516 
		}
		control={
			1149.000000 1252.000000 1158.000000 1301.000000 1207.000000 1354.000000 1248.000000 1367.000000 1303.000000 1340.000000 1373.000000 1330.000000 
		}
	}
	outgoing={
		name="panama"
		path={
			1550 1549 1548 835 
		}
		control={
			1115.000000 1232.000000 1220.000000 1202.000000 1290.000000 1138.000000 1377.000000 1116.550049 
		}
	}
	members={
		1551 841 842 844 845 846 847 848 849 850 851 852 853 854 855 856 857 859 2615 2617 2621 2622 2623 2624 2626 2627 2628 2629 2630 2631 2632 2633 2635 2638 2641 2642 2643 2644 2645 2646 2647 2648 2649 2650 2651 2657 860 843 2634 2652 5020 5063 
	}
}
lhasa={
	location=677
	inland=yes
	outgoing={
		name="kashmir"
		path={
			2129 2128 2074 508 
		}
		control={
			4012.000000 1478.000000 3956.000000 1484.000000 3906.000000 1507.000000 3879.000000 1536.000000 3841.000000 1556.000000 3817.000000 1568.000000 
		}
	}
	outgoing={
		name="chengdu"
		path={
			2130 2132 678 679 
		}
		control={
			4106.000000 1477.000000 4140.000000 1499.000000 4175.000000 1469.000000 4199.000000 1434.000000 4239.000000 1474.000000 
		}
	}
	members={
		677 2129 2128 676 2070 2071 705 2130 557 565 2134 
	}
}
chengdu={
	location=679
	inland=yes
	outgoing={
		name="canton"
		path={
			2168 673 2173 2174 2158 667 1371 
		}
		control={
			4309.000000 1475.000000 4353.000000 1500.000000 4394.000000 1476.000000 4403.000000 1440.000000 4404.000000 1412.000000 4410.000000 1395.000000 4398.000000 1371.000000 
		}
	}
	outgoing={
		name="xian"
		path={
			2169 689 700 
		}
		control={
			4307.000000 1514.000000 4341.000000 1536.000000 
		}
	}
	outgoing={
		name="ganges_delta"
		path={
			2748 661 2396 2397 581 580 568 1343 
		}
		control={
			4243.000000 1442.000000 4227.000000 1416.000000 4205.000000 1405.000000 4182.000000 1388.000000 4175.000000 1378.000000 4176.000000 1341.000000 4158.000000 1312.000000 4160.000000 1268.000000 4122.000000 1248.000000 4081.000000 1286.000000 4056.000000 1319.000000 
		}
	}
	members={
		2040 588 679 2132 2167 675 678 2135 2170 2131 2133 582 583 587 660 661 2165 2166 680 2168 2169 2395 2396 2397 2398 2400 2401 2748 
	}
}
canton={
	location=1371
	outgoing={
		name="malacca"
		path={
			1394 1367 1362 1361 
		}
		control={
			4389.000000 1288.000000 4388.000000 1145.000000 4324.000000 1049.000000 4289.680176 1020.320007 
		}
	}
	outgoing={
		name="hangzhou"
		path={
			1372 1373 684 
		}
		control={
			4481.000000 1367.000000 4534.000000 1417.000000 4553.000000 1450.000000 4553.000000 1477.000000 4541.000000 1487.000000 4534.000000 1493.000000 
		}
	}
	outgoing={
		name="philippines"
		path={
			1394 1395 1397 
		}
		control={
			4493.000000 1261.000000 4521.000000 1222.000000 4541.000000 1220.000000 4558.000000 1238.000000 4584.000000 1228.000000 
		}
	}
	members={
		2161 1371 610 613 616 662 663 664 665 666 667 668 672 673 674 738 1016 1840 2154 2155 2156 2157 2158 2159 2160 2162 2163 2164 2173 2174 2371 2372 
	}
}
australia={
	location=1092
	outgoing={
		name="the_moluccas"
		path={
			1411 1407 1410 1409 1401 1357 
		}
		control={
			5037.000000 644.000000 4963.000000 723.000000 4884.000000 845.000000 4786.000000 855.000000 4690.000000 908.000000 4617.000000 897.000000 
		}
	}
	members={
		1085 1086 1087 1088 1089 1090 1091 1092 1093 1790 1791 1094 1084 2726 2727 2728 2729 2730 2731 2732 2733 2734 2735 2736 3860 3861 3862 3863 3864 3865 3866 3867 3868 3869 3870 3871 3872 3873 3874 3875 3876 3877 3878 3879 3880 3881 3882 3883 3884 3885 3886 3887 3888 3889 3890 3891 3892 3893 3894 3895 3896 3897 3898 3899 3900 3901 3902 3903 3904 3905 3906 3907 3908 3909 3910 3911 3912 3913 3914 3915 3916 3917 3918 3919 3920 3921 3922 3923 3924 3925 3926 3927 3928 3929 3930 3931 3932 3933 3934 
	}
}
nippon={
	location=1376
	outgoing={
		name="hangzhou"
		path={
			1389 1373 684 
		}
		control={
			4645.000000 1536.000000 4588.000000 1503.000000 
		}
	}
	members={
		1376 734 735 736 737 1012 1013 1014 1017 1018 1019 1020 1021 1023 1024 1025 1026 1027 1028 1029 1030 1031 1032 1818 1819 1820 1825 1830 1832 1835 1837 1839 1843 1847 1852 2741 2745 4131 5028 3717 3718 3719 3720 3721 3722 3723 3724 3725 3726 3727 3728 3729 3730 
	}
}
hangzhou={
	location=684
	outgoing={
		name="xian"
		path={
			2147 686 682 2171 700 
		}
		control={
			4479.000000 1502.000000 4431.000000 1546.000000 4398.000000 1560.000000 
		}
	}
	outgoing={
		name="beijing"
		path={
			1373 1374 1375 1816 
		}
		control={
			4535.000000 1498.000000 4540.000000 1499.000000 4544.000000 1502.000000 4553.000000 1519.000000 4551.000000 1553.000000 4562.000000 1613.000000 4517.000000 1633.000000 
		}
	}
	outgoing={
		name="malacca"
		path={
			1373 1392 1393 1394 1367 1363 1361 
		}
		control={
			4536.000000 1493.000000 4554.000000 1488.000000 4576.000000 1434.000000 4560.450195 1377.469971 4525.000000 1331.000000 4493.000000 1274.000000 4453.000000 1131.000000 4399.000000 1076.000000 4339.000000 1038.000000 4315.000000 1013.000000 
		}
	}
	members={
		669 670 671 682 683 684 685 686 1015 1821 1822 1824 1829 1833 1838 1897 2141 2142 2143 2144 2145 2146 2147 2148 2149 2150 2151 2152 2153 2175 2176 3731 
	}
}
xian={
	location=700
	inland=yes
	outgoing={
		name="beijing"
		path={
			1836 692 2137 696 1816 
		}
		control={
			4369.000000 1569.000000 4386.000000 1575.000000 4401.000000 1572.000000 4428.000000 1574.000000 4449.000000 1591.000000 4466.000000 1604.000000 4483.000000 1614.000000 4492.000000 1631.000000 
		}
	}
	outgoing={
		name="yumen"
		path={
			2180 699 2182 708 707 
		}
		control={
			4328.000000 1576.000000 4309.000000 1609.000000 4267.000000 1618.000000 4223.000000 1645.000000 4180.000000 1652.000000 
		}
	}
	members={
		702 681 2172 709 700 689 687 2171 1836 694 2178 2181 2180 2177 698 699 701 688 692 693 2179 2182 2183 2184 2747 
	}
}
beijing={
	location=1816
	outgoing={
		name="yumen"
		path={
			2136 697 702 701 709 2191 707 
		}
		control={
			4469.000000 1645.000000 4444.000000 1663.000000 4411.000000 1665.000000 4342.000000 1649.000000 4250.000000 1664.000000 
		}
	}
	members={
		690 691 704 726 703 722 1816 695 696 697 1845 733 723 2136 2137 2138 2139 2140 2112 2113 2114 2115 2744 
	}
}
philippines={
	location=1397
	outgoing={
		name="the_moluccas"
		path={
			1398 1399 1357 
		}
		control={
			4580.000000 1203.000000 4578.000000 1171.000000 4571.000000 1160.000000 4565.000000 1148.000000 4542.000000 1136.000000 4536.000000 1110.000000 4609.000000 1063.000000 4609.000000 1018.000000 4577.000000 980.000000 4571.000000 934.000000 
		}
	}
	outgoing={
		name="panama"
		path={
			1436 1403 1434 1676 1734 1733 1735 1736 1740 1716 1707 1700 1547 1548 
		}
		control={
			4683.000000 1186.000000 4782.000000 1120.000000 4961.000000 1049.000000 5173.000000 1014.000000 5534.000000 915.000000 5780.970215 903.960022 403.000000 927.000000 639.000000 915.000000 881.000000 887.000000 1086.000000 879.000000 1233.000000 925.000000 1342.000000 1050.000000 1391.739990 1102.280029 
		}
	}
	members={
		651 652 653 654 655 656 657 658 1235 1993 1994 1995 1996 2697 2698 2699 2700 2701 2702 1397 5029 1240 1997 
	}
}
the_moluccas={
	location=1357
	outgoing={
		name="malacca"
		path={
			1358 1360 1361 
		}
		control={
			4480.000000 903.000000 4366.000000 946.000000 4318.000000 995.000000 
		}
	}
	members={
		646 2687 2688 2689 2690 2718 2724 1357 1245 647 645 2717 648 649 650 2725 2696 2695 635 633 634 643 2713 2714 642 2715 641 2716 632 627 2691 631 2693 629 2692 628 626 625 630 624 644 1789 1236 1237 2719 2720 2721 2722 2723 3857 3858 3859 
	}
}
gulf_of_siam={
	location=1365
	color={
84 152 93 	}
	outgoing={
		name="malacca"
		path={
			1364 1362 1361 
		}
		control={
			4228.000000 1139.000000 4266.000000 1084.000000 4276.000000 1046.000000 4267.000000 1026.000000 
		}
	}
	members={
		589 592 600 601 602 603 604 605 606 609 607 608 611 612 614 615 1817 1823 1844 1022 1365 2373 2374 2375 2376 2377 2378 2379 2380 2381 2382 2383 2384 2385 2386 2387 2388 2389 
	}
}
malacca={
	location=1361
	outgoing={
		name="ganges_delta"
		path={
			1348 1347 1345 1344 1343 
		}
		control={
			4197.000000 1071.000000 4153.000000 1120.000000 4101.000000 1173.000000 4097.000000 1221.000000 4050.000000 1276.000000 
		}
	}
	outgoing={
		name="zanzibar"
		path={
			1348 1350 1622 1621 1620 1617 1450 1448 
		}
		control={
			4263.000000 999.000000 4277.000000 986.000000 4280.000000 972.000000 4289.000000 969.000000 4292.000000 963.000000 4299.000000 956.000000 4301.000000 935.000000 4289.000000 913.000000 4257.000000 912.000000 4126.000000 918.000000 3981.000000 894.000000 3791.000000 905.000000 3653.000000 928.000000 3501.000000 924.000000 3384.000000 899.000000 
		}
	}
	members={
		593 594 595 596 597 598 599 617 618 619 620 621 622 623 636 637 638 639 640 659 1361 1998 1999 2390 2391 2392 2393 2394 2673 2674 2675 2676 2677 2678 2679 2680 2681 2682 2683 2684 2685 2686 2703 2704 2705 2706 2707 2708 2709 2710 2711 2712 2740 
	}
}
siberia={
	location=1064
	inland=yes
	outgoing={
		name="kazan"
		path={
			2433 1071 1075 1076 1078 305 1972 1082 
		}
		control={
			3945.000000 1989.000000 3867.000000 1967.000000 3734.000000 2001.000000 3683.000000 1952.000000 3619.000000 1888.000000 3531.000000 1869.000000 3491.000000 1947.000000 
		}
	}
	outgoing={
		name="samarkand"
		path={
			480 2434 478 2360 477 2361 1969 2363 454 
		}
		control={
			3959.000000 1957.000000 3856.000000 1856.000000 3759.000000 1820.000000 3710.000000 1736.000000 3708.000000 1682.000000 
		}
	}
	members={
		1782 1781 1071 479 1054 1055 1056 1057 1059 1060 1061 1062 1063 1064 1065 1067 1068 1070 480 1069 1073 1074 1080 1078 1075 1076 2357 2369 2427 2428 2429 2430 2431 2432 2433 2434 2436 2437 2442 2443 2445 3707 3708 3709 3710 3711 3712 3713 
	}
}
yumen={
	location=707
	inland=yes
	outgoing={
		name="samarkand"
		path={
			2122 713 715 2120 461 2126 2364 457 1967 454 
		}
		control={
			4088.000000 1660.000000 3997.000000 1672.000000 3932.000000 1672.000000 3864.000000 1647.000000 3823.000000 1650.000000 3766.000000 1671.000000 3723.000000 1660.000000 
		}
	}
	members={
		712 710 1786 706 707 708 711 713 714 715 716 717 718 719 720 721 1066 1784 2116 2117 2118 2119 2120 2121 2122 2123 2124 2192 2189 2190 2191 2193 2194 
	}
}
kashmir={
	location=508
	color={
63 150 30 	}
	inland=yes
	outgoing={
		name="samarkand"
		path={
			2077 578 2226 451 450 453 454 
		}
		control={
			3764.000000 1555.000000 3740.000000 1563.000000 3725.000000 1568.000000 3713.000000 1587.000000 3714.000000 1603.000000 3695.000000 1613.000000 3698.000000 1632.000000 
		}
	}
	outgoing={
		name="doab"
		path={
			2076 507 2065 520 524 
		}
		control={
			3813.000000 1543.000000 3791.000000 1511.000000 3832.000000 1480.000000 3854.000000 1457.000000 
		}
	}
	members={
		448 451 452 507 508 509 447 2225 578 1787 739 1785 2073 2074 2075 2076 2077 2078 2127 2226 2227 2125 460 2200 
	}
}
doab={
	location=524
	inland=yes
	outgoing={
		name="goa"
		path={
			525 740 2057 527 2036 2034 1946 2030 
		}
		control={
			3856.000000 1404.000000 3851.000000 1383.000000 3840.000000 1360.000000 3821.000000 1342.000000 3796.000000 1333.000000 3801.000000 1304.000000 3801.000000 1264.000000 
		}
	}
	outgoing={
		name="ganges_delta"
		path={
			2063 556 2095 558 2044 563 564 1343 
		}
		control={
			3883.000000 1430.000000 3912.000000 1411.000000 3932.000000 1404.000000 3964.000000 1417.000000 4006.000000 1412.000000 4033.000000 1374.000000 
		}
	}
	members={
		551 519 525 2063 512 558 524 510 2060 2061 2062 2065 511 554 550 559 2069 2094 523 2055 2047 520 556 2097 2095 2044 2059 555 522 2064 2066 
	}
}
ganges_delta={
	location=1343
	outgoing={
		name="comorin_cape"
		path={
			1342 1341 1340 
		}
		control={
			3936.000000 1260.000000 3904.000000 1184.000000 3882.000000 1162.000000 3880.000000 1147.000000 3869.250000 1131.469971 
		}
	}
	members={
		573 1343 547 549 552 553 560 561 562 563 564 566 567 568 570 571 574 579 580 581 584 585 586 590 591 1788 1815 1950 2038 2039 2041 2042 2043 2045 2046 2048 2049 2080 2081 2082 2091 2096 2098 2399 2402 2403 2404 
	}
}
comorin_cape={
	location=1340
	outgoing={
		name="gulf_of_aden"
		path={
			1615 1451 1331 
		}
		control={
			3727.000000 1130.000000 3549.000000 1163.000000 
		}
	}
	outgoing={
		name="goa"
		path={
			1339 2030 
		}
		control={
			3807.000000 1176.000000 
		}
	}
	members={
		533 534 535 536 537 538 539 540 542 543 572 1101 1248 1340 1947 1949 2026 2027 2031 2037 2083 2084 2085 2090 2099 2100 2101 
	}
}
goa={
	location=2030
	outgoing={
		name="indus"
		path={
			1338 1337 504 
		}
		control={
			3770.000000 1267.000000 3752.000000 1315.000000 3714.000000 1344.000000 
		}
	}
	outgoing={
		name="gulf_of_aden"
		path={
			1339 1615 1451 1331 
		}
		control={
			3746.000000 1228.000000 3672.000000 1216.000000 3535.000000 1222.000000 3470.000000 1208.000000 
		}
	}
	members={
		740 2057 530 531 532 2089 2030 2034 516 517 529 2036 526 527 544 545 2029 1946 569 2033 546 548 2092 541 2032 2035 1948 2028 2050 
	}
}
indus={
	location=504
	color={
135 104 85 	}
	outgoing={
		name="gulf_of_aden"
		path={
			1336 1332 1331 
		}
		control={
			3644.000000 1366.000000 3575.000000 1296.000000 3484.000000 1230.000000 
		}
	}
	outgoing={
		name="hormuz"
		path={
			1336 1333 1334 
		}
		control={
			3656.000000 1399.000000 3589.000000 1398.000000 3543.000000 1407.000000 
		}
	}
	outgoing={
		name="samarkand"
		path={
			2231 576 577 448 451 450 453 454 
		}
		control={
			3700.000000 1410.000000 3695.000000 1434.000000 3693.000000 1490.000000 3674.000000 1512.000000 3700.000000 1539.000000 3709.000000 1557.000000 3683.000000 1579.000000 3680.000000 1606.000000 3666.000000 1622.000000 
		}
	}
	members={
		503 504 505 506 513 514 515 518 521 528 576 577 2051 2052 2053 2054 2056 2058 2067 2068 2072 2079 2086 2087 2088 2093 2231 
	}
}
gulf_of_aden={
	location=1331
	outgoing={
		name="zanzibar"
		path={
			1446 1447 1448 
		}
		control={
			3447.000000 1168.000000 3408.000000 1071.000000 3315.000000 983.000000 
		}
	}
	outgoing={
		name="alexandria"
		path={
			1330 1329 1328 2315 361 2316 358 
		}
		control={
			3323.000000 1199.000000 3239.000000 1339.000000 3210.000000 1390.000000 3183.000000 1436.000000 3159.060059 1455.930054 3146.000000 1481.000000 3141.000000 1495.000000 3123.000000 1500.000000 
		}
	}
	outgoing={
		name="hormuz"
		path={
			1332 1333 1334 
		}
		control={
			3446.000000 1237.000000 3501.000000 1264.000000 3583.000000 1354.000000 3532.000000 1404.000000 
		}
	}
	members={
		2775 2782 2783 2786 2788 2789 2790 2793 2794 2795 1331 2024 386 387 388 389 390 391 401 402 1099 1205 1206 1209 1212 1215 1230 2341 2342 2343 2344 2345 2346 2765 
	}
}
hormuz={
	location=1334
	outgoing={
		name="basra"
		path={
			1335 
		}
		control={
			3497.000000 1419.000000 3462.000000 1421.000000 
		}
	}
	members={
		400 403 431 399 2218 2219 2223 432 2234 434 435 2220 2233 397 398 404 575 2230 2232 2224 2229 1334 2333 2999 4171 
	}
}
zanzibar={
	location=1448
	outgoing={
		name="cape_of_good_hope"
		path={
			1449 1456 1457 1458 1459 1460 
		}
		control={
			3289.000000 833.000000 3289.000000 747.000000 3217.000000 686.000000 3212.000000 609.000000 3154.000000 514.000000 3064.000000 442.000000 
		}
	}
	members={
		1448 788 1100 1102 1103 1183 1186 1192 1193 1194 1195 1196 1197 1198 1199 1200 1201 1202 1203 1204 1792 1900 2796 2774 4020 4021 4022 4023 4024 4025 4026 4027 4028 4029 4030 4031 4032 4049 
	}
}
cape_of_good_hope={
	location=1460
	outgoing={
		name="ivory_coast"
		path={
			1461 1462 1463 1464 1465 1466 
		}
		control={
			2899.000000 461.000000 2890.000000 513.000000 2857.000000 561.000000 2843.000000 639.000000 2799.000000 749.000000 2817.000000 867.000000 2758.000000 958.000000 2760.000000 1038.000000 2682.000000 1076.000000 
		}
	}
	members={
		1460 789 833 1174 1175 1176 1177 1178 1179 1180 1181 1182 1801 2856 2864 2880 3837 3838 3839 3840 3841 3842 3843 3844 3845 3846 3847 3848 3849 3850 3851 3852 3853 3854 3855 3856 
	}
}
basra={
	location=1335
	outgoing={
		name="aleppo"
		path={
			408 2312 410 2310 2309 407 377 
		}
		control={
			3381.000000 1494.000000 3336.000000 1510.000000 3322.000000 1537.000000 3299.000000 1561.000000 3280.000000 1566.000000 3256.000000 1581.000000 3232.000000 1584.000000 
		}
	}
	outgoing={
		name="persia"
		path={
			412 413 2213 428 426 
		}
		control={
			3402.000000 1493.000000 3397.070068 1512.569946 3381.000000 1534.000000 3379.000000 1560.000000 3449.000000 1574.000000 
		}
	}
	members={
		1335 392 393 394 396 408 409 410 412 413 430 1779 2209 2210 2217 2311 2312 2334 2335 2336 2337 2338 2339 2340 2347 395 
	}
}
samarkand={
	location=454
	inland=yes
	outgoing={
		name="persia"
		path={
			442 441 438 437 2214 426 
		}
		control={
			3640.000000 1643.000000 3595.000000 1583.000000 3557.000000 1603.000000 3527.000000 1619.000000 3503.000000 1615.000000 3481.000000 1599.000000 
		}
	}
	outgoing={
		name="astrakhan"
		path={
			442 441 1973 2370 471 465 469 464 
		}
		control={
			3654.000000 1667.000000 3625.000000 1652.000000 3601.000000 1688.000000 3568.000000 1706.000000 3544.000000 1726.000000 3509.000000 1772.000000 3448.000000 1797.000000 
		}
	}
	members={
		440 441 442 444 445 446 449 450 453 454 455 456 457 459 471 472 476 477 1967 1969 1970 1973 461 478 2126 2228 2370 2362 2363 2356 2364 2368 2355 2360 2354 2361 2358 2352 2351 2353 2359 458 1968 
	}
}
persia={
	location=426
	color={
204 119 31 	}
	inland=yes
	outgoing={
		name="aleppo"
		path={
			417 2212 2207 411 2308 418 407 5183 377 
		}
		control={
			3445.000000 1596.000000 3430.000000 1601.000000 3418.000000 1611.000000 3407.000000 1602.000000 3395.000000 1608.000000 3388.000000 1615.000000 3379.000000 1606.000000 3364.000000 1610.000000 3349.000000 1593.000000 3330.000000 1592.000000 3314.000000 1589.000000 3302.000000 1604.000000 3290.000000 1605.000000 3272.000000 1619.000000 3259.000000 1612.000000 3245.000000 1609.000000 3231.000000 1612.000000 3221.000000 1603.000000 
		}
	}
	outgoing={
		name="pontus_trade"
		path={
			417 424 416 2205 419 2204 3250 3248 5152 330 
		}
		control={
			3445.000000 1596.000000 3430.000000 1601.000000 3418.000000 1611.000000 3405.000000 1611.000000 3397.000000 1622.000000 3371.000000 1623.000000 3362.000000 1628.000000 3356.000000 1639.000000 3349.000000 1641.000000 3343.000000 1646.000000 3338.000000 1652.000000 3330.000000 1659.000000 3321.000000 1660.000000 3310.000000 1663.000000 3304.000000 1673.000000 3299.000000 1682.000000 3292.000000 1679.000000 3284.000000 1682.000000 3276.000000 1677.000000 3268.000000 1674.000000 3258.000000 1675.000000 
		}
	}
	members={
		411 414 415 416 417 421 424 426 427 428 429 433 436 437 438 2206 2207 2211 2212 2213 2214 2215 2216 2221 2222 2235 2236 2349 2350 3257 3258 4170 4172 4177 
	}
}
pontus_trade={
	location=330
	color={
115 80 150 	}
	outgoing={
		name="constantinople"
		path={
			1324 1321 1320 
		}
		control={
			3244.000000 1682.000000 3212.000000 1686.000000 3185.000000 1699.000000 3150.000000 1697.000000 3121.000000 1683.000000 3097.000000 1683.000000 
		}
	}
	outgoing={
		name="crimea"
		path={
			1324 1322 
		}
		control={
			3255.000000 1686.000000 3248.000000 1710.000000 3222.000000 1723.000000 3176.000000 1724.000000 
		}
	}
	members={
		419 422 423 462 1856 2196 2204 3249 3250 3251 3252 3253 3255 3256 3259 420 2202 2203 2205 331 2305 2307 3254 1846 5169 5151 330 5206 5152 3248 2300 2304 329 4178 
	}
}
aleppo={
	location=377
	color={
90 180 180 	}
	outgoing={
		name="constantinople"
		path={
			2313 327 2302 2298 1848 322 317 1320 
		}
		control={
			3204.000000 1594.000000 3200.000000 1593.000000 3196.000000 1591.000000 3178.000000 1588.000000 3119.000000 1584.000000 3080.000000 1597.000000 3065.000000 1594.000000 3051.000000 1606.000000 3048.000000 1622.000000 3045.000000 1637.000000 3040.000000 1647.000000 3046.000000 1658.000000 3054.000000 1666.000000 3064.000000 1667.000000 3068.000000 1665.000000 3071.000000 1668.000000 3081.000000 1669.000000 
		}
	}
	outgoing={
		name="alexandria"
		path={
			2313 1317 1316 1315 358 
		}
		control={
			3204.000000 1594.000000 3200.000000 1593.000000 3197.000000 1590.000000 3191.000000 1584.000000 3186.000000 1568.000000 3160.780029 1526.050049 3119.000000 1518.000000 
		}
	}
	members={
		321 377 378 407 1849 382 1855 406 327 332 418 381 405 2308 2309 2310 2313 2314 2302 5205 5179 5182 5159 5170 5183 5138 5154 5135 5136 5139 5161 5145 5146 5147 5148 2306 5158 2303 2301 
	}
}
katsina={
	location=1149
	inland=yes
	outgoing={
		name="timbuktu"
		path={
			1148 2273 2269 2268 1133 2262 1132 
		}
		control={
			2716.000000 1212.000000 2692.000000 1195.000000 2657.000000 1227.000000 2641.000000 1260.000000 2619.000000 1276.000000 
		}
	}
	outgoing={
		name="tunis"
		path={
			2279 1156 2277 2475 2474 2448 2449 2450 353 2453 2473 341 
		}
		control={
			2834.000000 1323.000000 2856.409912 1425.560059 2850.000000 1522.000000 2815.000000 1530.000000 2788.000000 1556.000000 2800.000000 1576.000000 2797.000000 1591.000000 
		}
	}
	outgoing={
		name="alexandria"
		path={
			2279 1156 2277 2475 2474 2448 355 356 357 2326 2325 358 
		}
		control={
			2778.000000 1196.000000 2809.000000 1209.000000 2817.000000 1208.000000 2830.000000 1211.000000 2848.000000 1199.000000 2871.000000 1200.000000 2895.000000 1214.000000 2943.000000 1210.000000 3005.000000 1223.000000 3075.000000 1212.000000 3116.000000 1219.000000 3138.000000 1228.000000 3143.000000 1241.000000 3146.000000 1251.000000 3148.000000 1262.000000 3161.000000 1270.000000 3169.000000 1288.000000 3163.000000 1301.000000 3154.000000 1314.000000 3139.000000 1303.000000 3127.000000 1291.000000 3117.000000 1295.000000 3114.000000 1310.000000 3112.000000 1320.000000 3115.000000 1325.000000 3111.000000 1333.000000 3123.000000 1347.000000 3131.000000 1360.000000 3138.000000 1366.000000 3145.000000 1366.000000 3151.000000 1375.000000 3151.000000 1390.000000 3151.000000 1404.000000 3145.000000 1408.000000 3148.000000 1419.000000 3137.000000 1424.000000 3127.000000 1439.000000 3119.000000 1447.000000 3119.000000 1460.000000 3125.000000 1476.000000 3112.000000 1489.000000 
		}
	}
	members={
		2292 1143 1144 2289 1146 1162 1145 1152 1153 1150 1154 1155 1156 1157 1158 1160 1161 1249 1149 1148 2273 2272 2274 2275 2276 2277 2278 2279 2280 2281 2282 2283 2284 2285 2286 2287 2288 2293 2475 1159 3750 3779 3780 3783 3797 3781 3782 
	}
}
ethiopia={
	location=1224
	inland=yes
	outgoing={
		name="alexandria"
		path={
			2772 1225 2797 1220 1228 2322 1234 1231 360 2319 2317 361 2316 358 
		}
		control={
			3241.000000 1206.000000 3240.000000 1222.000000 3220.000000 1236.000000 3217.000000 1262.000000 3224.000000 1284.000000 3228.000000 1310.000000 3221.149902 1349.010010 3200.000000 1387.000000 3175.000000 1434.000000 3157.000000 1448.000000 3146.000000 1462.000000 3141.000000 1477.000000 3124.000000 1491.000000 
		}
	}
	members={
		774 1217 1218 1222 2756 2757 2758 2759 2760 2761 2762 2763 2764 2772 2791 2778 2784 2785 2792 2797 2773 2766 2767 2768 2769 2770 2771 2779 2780 2781 2787 1224 1213 1223 1214 1216 1221 2800 2801 2802 1229 1225 1226 1227 1220 1207 1208 1210 1211 2798 2799 1219 2776 2777 2932 4033 4158 3790 
	}
}
alexandria={
	location=358
	color={
200 200 102 	}
	outgoing={
		name="constantinople"
		path={
			1315 1932 1319 1320 
		}
		control={
			3095.000000 1526.000000 3070.000000 1580.000000 3050.000000 1593.000000 3045.000000 1605.000000 3035.000000 1628.000000 3041.000000 1656.000000 3044.000000 1660.000000 3047.000000 1667.000000 3056.000000 1669.000000 3068.000000 1674.000000 
		}
	}
	outgoing={
		name="napoli"
		path={
			1315 1314 1312 1307 1304 121 
		}
		control={
			3073.000000 1529.000000 3031.000000 1563.000000 2958.000000 1573.000000 2887.000000 1611.000000 2880.000000 1634.000000 2868.000000 1658.000000 
		}
	}
	outgoing={
		name="tunis"
		path={
			2325 2326 357 356 355 2451 354 2452 353 2453 2473 341 
		}
		control={
			2979.000000 1540.000000 2906.000000 1527.000000 2828.000000 1559.000000 2810.000000 1597.000000 
		}
	}
	members={
		1232 383 384 385 163 357 358 359 360 361 362 363 364 365 379 380 1228 1233 1234 1795 1854 1231 2315 2316 2317 2318 2319 2320 2321 2322 2323 2324 2325 2326 2327 2328 2329 2330 2331 2332 3180 5202 5181 5203 5180 5204 3774 3777 3785 3786 3787 3788 3789 1794 
	}
}
astrakhan={
	location=464
	inland=yes
	outgoing={
		name="kazan"
		path={
			466 2418 303 1081 2422 1082 
		}
		control={
			3389.000000 1780.000000 3384.000000 1785.000000 3376.000000 1790.000000 3364.000000 1802.000000 3359.000000 1809.000000 3349.000000 1815.000000 3340.000000 1816.000000 3334.000000 1820.000000 3340.000000 1826.000000 3340.000000 1830.000000 3345.000000 1836.000000 3347.000000 1843.000000 3352.000000 1846.000000 3354.000000 1849.000000 3351.000000 1855.000000 3356.000000 1857.000000 3355.000000 1861.000000 3352.000000 1866.000000 3358.000000 1871.000000 3363.000000 1876.000000 3367.000000 1875.000000 3371.000000 1878.000000 3378.000000 1881.000000 3383.000000 1881.000000 3389.000000 1885.000000 3388.000000 1888.000000 3391.000000 1893.000000 3396.000000 1897.000000 3395.000000 1901.000000 3400.000000 1903.000000 3403.000000 1910.000000 3401.000000 1919.000000 3394.000000 1924.000000 3395.000000 1929.000000 3401.000000 1932.000000 3400.000000 1939.000000 3406.000000 1942.000000 3403.000000 1949.000000 
		}
	}
	outgoing={
		name="crimea"
		path={
			2417 3264 468 286 1323 3245 285 2410 1322 
		}
		control={
			3381.000000 1774.000000 3361.000000 1780.000000 3336.000000 1793.000000 3312.000000 1786.000000 3285.000000 1792.000000 3253.000000 1786.000000 3224.000000 1779.000000 3211.000000 1758.000000 3206.000000 1745.000000 3187.000000 1742.000000 3168.000000 1733.000000 
		}
	}
	outgoing={
		name="murava"
		path={
			466 3265 467 299 2408 301 3277 295 
		}
		control={
			3382.000000 1782.000000 3372.000000 1789.000000 3370.000000 1793.000000 3363.000000 1799.000000 3357.000000 1805.000000 3355.000000 1809.000000 3348.000000 1812.000000 3340.000000 1813.000000 3333.000000 1815.000000 3319.000000 1832.000000 3285.000000 1837.000000 3253.000000 1864.000000 3250.000000 1908.000000 3232.000000 1939.000000 
		}
	}
	members={
		288 425 439 443 464 465 466 468 469 470 474 1971 2197 2198 2199 2201 2208 2365 2367 2366 2416 2417 2418 3260 3261 3263 3264 3265 
	}
}
kazan={
	location=1082
	inland=yes
	outgoing={
		name="murava"
		path={
			3280 306 1754 307 295 
		}
		control={
			3330.000000 1961.000000 3275.000000 1931.000000 
		}
	}
	members={
		303 304 305 306 473 475 1077 1079 1081 1082 1083 1962 1965 1966 1972 2415 2419 2420 2421 2422 2423 2441 2444 3279 3280 3281 
	}
}
murava={
	location=295
	color={
215 127 40 	}
	inland=yes
	outgoing={
		name="novgorod"
		path={
			3290 1752 3273 310 34 33 
		}
		control={
			3220.000000 1954.000000 3196.000000 1950.000000 3176.000000 1963.000000 3166.000000 1967.000000 3168.000000 1970.000000 3158.000000 1976.000000 3149.000000 1978.000000 3143.000000 1990.000000 3127.000000 2006.000000 3134.000000 2020.000000 3135.000000 2027.000000 3142.000000 2037.000000 3141.000000 2046.000000 3130.000000 2047.000000 3118.000000 2036.000000 
		}
	}
	outgoing={
		name="kiev"
		path={
			296 3301 297 1945 289 280 
		}
		control={
			3208.000000 1933.000000 3177.000000 1923.000000 3175.000000 1910.000000 3173.000000 1907.000000 3173.000000 1903.000000 3167.000000 1896.000000 3167.000000 1892.000000 3160.000000 1888.000000 3157.000000 1880.000000 3153.000000 1876.000000 3154.000000 1873.000000 3146.000000 1870.000000 3135.000000 1868.000000 3129.000000 1870.000000 3120.000000 1864.000000 
		}
	}
	outgoing={
		name="crimea"
		path={
			3277 300 2408 299 3266 2409 2413 286 1323 3245 285 2410 1322 
		}
		control={
			3222.000000 1938.000000 3234.000000 1924.000000 3240.000000 1906.000000 3229.000000 1886.000000 3224.000000 1872.000000 3213.000000 1864.000000 3209.000000 1854.000000 3212.000000 1841.000000 3208.000000 1833.000000 3222.000000 1822.000000 3229.000000 1818.000000 3242.000000 1816.000000 3267.000000 1806.000000 3264.000000 1792.000000 3233.000000 1785.000000 3216.000000 1777.000000 3203.000000 1755.000000 3192.000000 1751.000000 3184.000000 1746.000000 3175.000000 1744.000000 3169.000000 1739.000000 
		}
	}
	members={
		291 294 295 296 297 298 299 300 301 302 307 308 467 1753 1754 1778 1956 2408 2409 3247 3266 3267 3268 4116 3291 3301 4117 3276 3277 3278 3290 4147 
	}
}
crimea={
	location=1322
	color={
59 158 125 	}
	outgoing={
		name="kiev"
		path={
			2406 3242 1944 280 
		}
		control={
			3151.000000 1747.000000 3128.000000 1759.000000 3129.000000 1776.000000 3142.000000 1776.000000 3152.000000 1780.000000 3163.000000 1783.000000 3168.000000 1791.000000 3177.000000 1795.000000 3187.000000 1796.000000 3186.000000 1803.000000 3184.000000 1813.000000 3152.000000 1825.000000 3129.000000 1836.000000 3115.000000 1849.000000 
		}
	}
	outgoing={
		name="danube"
		path={
			3163 2998 3160 3161 160 2746 141 
		}
		control={
			3124.000000 1744.000000 3105.000000 1755.000000 3094.000000 1756.000000 3084.000000 1754.000000 3075.000000 1755.000000 3072.000000 1744.000000 3073.000000 1738.000000 3067.000000 1734.000000 3057.000000 1733.000000 3045.000000 1730.000000 3031.000000 1723.000000 3020.000000 1726.000000 3014.000000 1724.000000 3004.000000 1728.000000 2996.000000 1726.000000 2995.000000 1729.000000 2998.000000 1730.000000 2997.000000 1733.000000 2993.000000 1733.000000 2989.000000 1737.000000 2992.000000 1741.000000 2988.000000 1743.000000 2982.000000 1740.000000 2973.000000 1739.000000 
		}
	}
	outgoing={
		name="constantinople"
		path={
			1321 1320 
		}
		control={
			3112.000000 1711.000000 
		}
	}
	members={
		1323 282 283 284 285 286 287 463 1322 1756 1974 2195 2405 2406 2410 2411 2412 2413 2414 2447 3243 3244 3245 3262 3302 
	}
}
kiev={
	location=280
	color={
229 240 41 	}
	outgoing={
		name="novgorod"
		path={
			4115 292 771 275 1960 274 310 34 33 
		}
		control={
			3115.000000 1866.000000 3114.000000 1873.000000 3118.000000 1880.000000 3110.000000 1891.000000 3106.000000 1899.000000 3111.000000 1905.000000 3109.000000 1910.000000 3112.000000 1920.000000 3111.000000 1926.000000 3119.000000 1932.000000 3109.000000 1945.000000 3097.000000 1967.000000 3088.000000 1967.000000 3084.000000 1971.000000 3087.000000 1980.000000 3082.000000 1983.000000 3076.000000 1989.000000 3079.000000 1995.000000 3073.000000 1998.000000 3067.000000 2004.000000 3066.000000 2014.000000 3070.000000 2020.000000 3072.000000 2024.000000 3075.000000 2026.000000 3071.000000 2033.000000 3079.000000 2038.000000 3093.000000 2041.000000 3102.000000 2040.000000 
		}
	}
	outgoing={
		name="krakow"
		path={
			3240 2962 279 3222 260 259 262 
		}
		control={
			3046.000000 1852.000000 2992.000000 1861.000000 2977.000000 1851.000000 2965.000000 1845.000000 
		}
	}
	outgoing={
		name="baltic_sea"
		path={
			1941 278 3233 770 3293 37 38 1256 1926 
		}
		control={
			3115.000000 1866.000000 3114.000000 1873.000000 3118.000000 1880.000000 3108.000000 1891.000000 3101.000000 1893.000000 3095.000000 1898.000000 3089.000000 1910.000000 3089.000000 1917.000000 3080.000000 1925.000000 3080.000000 1930.000000 3076.000000 1936.000000 3076.000000 1949.000000 3071.000000 1955.000000 3055.000000 1957.000000 3050.000000 1957.000000 3044.000000 1967.000000 3040.000000 1969.000000 3038.000000 1972.000000 3035.000000 1970.000000 3024.000000 1972.000000 3015.000000 1976.000000 3009.000000 1983.000000 2989.000000 1996.000000 2961.000000 1988.000000 
		}
	}
	members={
		270 272 275 276 277 278 279 280 281 289 290 292 293 770 771 1936 1937 1941 1942 1943 1944 1945 2407 2962 3159 3223 3225 3232 3233 3234 3235 4115 3238 3239 3240 3241 3242 3246 3270 
	}
}
krakow={
	location=262
	inland=yes
	outgoing={
		name="wien"
		path={
			3142 3297 1772 134 
		}
		control={
			2926.000000 1823.000000 2908.000000 1810.000000 
		}
	}
	outgoing={
		name="danube"
		path={
			2960 1318 153 3148 155 1954 141 
		}
		control={
			2971.000000 1827.000000 2967.000000 1805.000000 2973.000000 1779.000000 2961.000000 1758.000000 2967.000000 1741.000000 
		}
	}
	outgoing={
		name="saxony"
		path={
			263 3140 2970 266 1771 61 59 
		}
		control={
			2923.000000 1850.000000 2900.000000 1868.000000 2871.000000 1883.000000 
		}
	}
	outgoing={
		name="baltic_sea"
		path={
			3220 258 255 2963 2997 43 1927 1926 
		}
		control={
			2955.000000 1845.000000 2965.000000 1849.000000 2974.000000 1855.000000 2976.000000 1868.000000 2968.000000 1878.000000 2963.000000 1887.000000 2945.000000 1889.000000 2931.000000 1896.000000 2921.000000 1902.000000 2930.000000 1911.000000 2933.000000 1928.000000 2945.000000 1957.000000 
		}
	}
	members={
		258 259 260 261 262 263 264 269 1940 256 257 1938 1939 254 255 2424 2959 2960 2961 2963 3141 3142 3145 3218 3219 3220 3221 3222 3237 
	}
}
danube={
	location=141
	color={
189 100 102 	}
	inland=yes
	outgoing={
		name="wien"
		path={
			3188 1767 1864 3151 3051 134 
		}
		control={
			2954.000000 1742.000000 2944.000000 1761.000000 2936.000000 1793.000000 2914.000000 1797.000000 2895.000000 1797.000000 
		}
	}
	outgoing={
		name="ragusa"
		path={
			1827 1831 137 
		}
		control={
			2966.000000 1728.000000 2968.000000 1713.000000 2957.000000 1706.000000 2948.000000 1698.000000 2941.000000 1698.000000 2934.000000 1702.000000 2929.000000 1705.000000 2924.000000 1706.000000 2919.000000 1709.000000 
		}
	}
	outgoing={
		name="constantinople"
		path={
			3185 3000 1765 2750 3169 1764 3170 151 1320 
		}
		control={
			2973.000000 1727.000000 2998.000000 1722.000000 3021.000000 1713.000000 3056.000000 1714.000000 3061.000000 1689.000000 3086.000000 1679.000000 
		}
	}
	members={
		141 150 153 154 155 156 157 158 159 160 161 162 268 1318 1767 1864 1951 1952 1953 1954 2746 2998 3000 3146 4125 3148 4126 3150 3152 4127 3154 4128 3156 3157 3158 3160 3161 3162 3163 3164 3166 3185 3186 3187 3188 3190 3194 4173 4176 4155 
	}
}
constantinople={
	location=1320
	color={
126 203 120 	}
	outgoing={
		name="ragusa"
		path={
			149 3169 2750 1765 3000 3185 1827 1831 137 
		}
		control={
			3081.000000 1678.000000 3068.000000 1679.000000 3057.000000 1685.000000 3037.000000 1697.000000 3010.000000 1700.000000 2998.000000 1708.000000 2966.000000 1707.000000 2947.000000 1694.000000 2941.000000 1693.000000 2935.000000 1696.000000 2931.000000 1700.000000 2929.000000 1702.000000 2924.000000 1703.000000 
		}
	}
	members={
		1320 149 151 1765 148 316 317 318 319 320 322 323 324 325 326 328 1764 1848 2296 2297 2298 2299 2348 2750 3001 3165 3167 3168 3169 3170 3171 3172 3173 3195 5130 5131 5132 5160 5162 5163 5150 5153 5165 5164 5149 5166 5137 5167 5168 5157 5133 5134 5155 5156 
	}
}
novgorod={
	location=33
	color={
97 126 37 	}
	outgoing={
		name="baltic_sea"
		path={
			1254 1926 
		}
		control={
			3101.000000 2044.000000 3094.000000 2043.000000 3087.000000 2045.000000 3082.000000 2045.000000 3077.000000 2047.000000 3070.000000 2050.000000 3060.000000 2050.000000 3048.000000 2046.000000 3023.000000 2040.000000 3014.000000 2040.000000 3000.000000 2036.000000 2974.000000 2031.000000 2952.000000 2016.000000 
		}
	}
	outgoing={
		name="white_sea"
		path={
			1261 309 1652 
		}
		control={
			3128.000000 2058.000000 3179.000000 2132.000000 
		}
	}
	members={
		30 32 33 34 274 309 310 311 312 314 1752 1957 1959 1960 1961 2749 4124 3271 3273 4148 
	}
}
cuiaba={
	location=800
	outgoing={
		name="laplata"
		path={
			2882 2881 776 775 2858 777 2848 778 1536 
		}
		control={
			1726.000000 688.000000 1730.000000 657.000000 1741.000000 613.000000 1720.069946 572.630005 1703.000000 532.000000 1702.000000 512.000000 1685.000000 483.000000 1699.000000 469.000000 1734.699951 445.709991 
		}
	}
	outgoing={
		name="lima"
		path={
			2832 2833 2830 808 810 809 
		}
		control={
			1626.000000 782.000000 1544.000000 798.000000 1509.000000 790.000000 1474.000000 813.000000 
		}
	}
	members={
		800 2882 799 2881 2903 2902 2904 2901 2832 803 801 2835 2834 2838 794 2942 797 802 2831 2941 2940 2946 795 793 2900 796 2840 2839 2837 792 791 2841 2836 
	}
}
laplata={
	location=1536
	outgoing={
		name="brazil"
		path={
			1535 1534 1533 1532 1531 
		}
		control={
			1789.000000 440.000000 1842.000000 478.000000 1914.000000 598.000000 2005.000000 642.000000 2059.000000 776.000000 
		}
	}
	members={
		772 773 775 776 777 778 779 790 1536 2025 2842 2843 2844 2883 2845 2846 2847 2848 2849 2850 2851 2852 2853 2854 2855 2857 2858 2859 2860 2861 2862 2865 2866 2867 2877 2878 2879 2884 2887 5027 
	}
}
lima={
	location=809
	outgoing={
		name="panama"
		path={
			1545 1546 1547 1548 835 
		}
		control={
			1410.000000 823.000000 1349.000000 918.000000 1368.000000 1020.000000 1409.000000 1078.000000 
		}
	}
	members={
		1544 804 805 806 807 808 809 810 811 814 2828 2829 2830 2833 2944 2947 820 818 822 2818 823 2817 2816 2814 2820 817 815 821 2823 2945 819 816 2824 2821 2943 813 812 2825 2827 2822 2826 
	}
}
brazil={
	location=1531
	outgoing={
		name="ivory_coast"
		path={
			1584 1586 1467 1466 
		}
		control={
			2349.000000 947.000000 2544.000000 993.000000 
		}
	}
	members={
		1531 750 751 752 753 754 755 756 757 758 759 760 761 762 763 764 765 766 768 769 2885 2886 2888 2891 2892 2893 2894 2895 2896 2897 2898 2899 2905 2906 2907 2908 2912 2913 2914 2915 2916 2917 2918 2919 2920 2921 2922 
	}
}
timbuktu={
	location=1132
	inland=yes
	outgoing={
		name="safi"
		path={
			1129 1128 1127 2460 346 2468 5211 344 345 
		}
		control={
			2599.000000 1315.000000 2570.000000 1380.000000 2566.000000 1416.000000 2555.000000 1443.000000 2561.000000 1475.000000 2576.000000 1490.000000 2575.000000 1502.000000 2576.000000 1510.000000 2581.000000 1534.000000 2566.000000 1545.000000 2548.000000 1534.000000 2535.000000 1527.000000 2522.000000 1522.000000 2516.000000 1515.000000 2508.000000 1515.000000 2500.000000 1515.000000 
		}
	}
	outgoing={
		name="ivory_coast"
		path={
			2259 2263 1135 2252 2254 2255 2257 2258 1466 
		}
		control={
			2594.000000 1237.000000 2586.000000 1196.000000 2600.000000 1146.000000 2603.000000 1123.000000 2603.000000 1104.000000 
		}
	}
	members={
		2291 2257 1115 1116 2237 2238 2240 1122 1125 2251 1135 1137 2265 2266 1136 2295 2256 2267 2252 2253 2254 2255 1138 1140 1129 2247 1117 1120 1121 1124 1123 1130 1131 1132 1134 1133 1142 2243 2244 2245 2246 2248 2249 2250 2259 2260 2261 2262 2263 2264 2268 2269 2270 2271 3738 3739 3740 3751 3793 3794 3795 3796 
	}
}
ivory_coast={
	location=1466
	outgoing={
		name="carribean_trade"
		path={
			1467 1468 1579 1577 1576 1523 1526 1524 1516 
		}
		control={
			2474.000000 1017.000000 2321.000000 1087.000000 2089.000000 1170.000000 1840.000000 1227.000000 1681.000000 1244.000000 1574.000000 1236.000000 1505.000000 1244.000000 
		}
	}
	outgoing={
		name="bordeaux"
		path={
			1467 1468 1469 1470 1471 1566 1291 1290 1277 1276 
		}
		control={
			2497.000000 1067.000000 2402.000000 1148.000000 2355.000000 1226.000000 2358.000000 1357.000000 2408.000000 1456.000000 2420.000000 1477.000000 2437.000000 1513.000000 2440.000000 1546.000000 2450.000000 1583.000000 2473.000000 1647.000000 2484.000000 1686.000000 2486.000000 1695.000000 2493.000000 1721.000000 2530.000000 1737.000000 2581.000000 1736.000000 
		}
	}
	outgoing={
		name="english_channel"
		path={
			1467 1468 1469 1470 1471 1566 1563 1289 1274 1272 1271 1269 
		}
		control={
			2497.000000 1067.000000 2402.000000 1148.000000 2355.000000 1226.000000 2358.000000 1357.000000 2408.000000 1456.000000 2420.000000 1477.000000 2437.000000 1513.000000 2440.000000 1546.000000 2450.000000 1583.000000 2473.000000 1647.000000 2484.000000 1686.000000 2486.000000 1695.000000 2484.000000 1725.000000 2505.000000 1762.000000 2541.000000 1784.000000 2558.000000 1819.000000 2599.000000 1837.000000 2646.000000 1849.000000 2667.000000 1865.000000 2692.000000 1878.000000 
		}
	}
	outgoing={
		name="sevilla"
		path={
			1467 1468 1469 1470 1471 1472 1293 
		}
		control={
			2497.000000 1067.000000 2402.000000 1148.000000 2355.000000 1226.000000 2358.000000 1357.000000 2408.000000 1456.000000 2420.000000 1477.000000 2456.000000 1531.000000 2463.000000 1542.000000 2474.000000 1563.000000 2495.000000 1578.000000 2522.000000 1589.000000 
		}
	}
	outgoing={
		name="barcelona"
		path={
			1467 1468 1469 1470 1471 1472 1293 1294 1295 
		}
		control={
			2497.000000 1067.000000 2402.000000 1148.000000 2355.000000 1226.000000 2358.000000 1357.000000 2408.000000 1456.000000 2420.000000 1477.000000 2456.000000 1531.000000 2463.000000 1542.000000 2498.000000 1557.000000 2525.000000 1576.000000 2539.000000 1584.000000 2554.000000 1587.000000 2590.000000 1586.000000 2635.000000 1603.000000 
		}
	}
	members={
		1164 1165 1166 1167 1169 1171 2239 1096 1112 1113 1114 2241 1466 1097 1098 1118 1119 1126 1139 1141 1147 1151 1163 1172 2242 2258 2290 2294 1901 2948 2949 1168 1306 4078 4079 4080 3798 
	}
}
tunis={
	location=341
	color={
146 134 57 	}
	outgoing={
		name="barcelona"
		path={
			2455 1882 339 1301 1295 
		}
		control={
			2797.000000 1612.000000 2739.000000 1614.000000 2673.000000 1623.000000 
		}
	}
	outgoing={
		name="napoli"
		path={
			1302 1304 121 
		}
		control={
			2842.000000 1637.000000 
		}
	}
	members={
		338 339 340 341 350 351 352 353 354 355 356 1882 2448 2449 2450 2451 2452 2453 2454 2455 2456 2457 2458 2459 2472 2473 2474 2954 3756 3757 3758 3759 3762 3767 3769 3776 4169 3745 3755 3760 3761 3763 3764 3765 3766 3768 3772 3773 3775 
	}
}
ragusa={
	location=137
	color={
130 130 145 	}
	outgoing={
		name="venice"
		path={
			1309 1308 
		}
		control={
			2905.000000 1710.000000 2898.000000 1713.000000 2884.000000 1716.000000 2872.000000 1726.000000 2846.000000 1738.000000 
		}
	}
	outgoing={
		name="napoli"
		path={
			1310 1311 1307 1304 121 
		}
		control={
			2913.000000 1701.000000 2893.000000 1686.000000 2887.000000 1679.000000 2881.000000 1677.000000 2877.000000 1674.000000 
		}
	}
	members={
		136 137 138 139 140 142 143 144 145 146 147 1766 1773 1827 1831 1853 3002 3003 3174 3175 3176 3177 3178 3179 3181 3182 3183 3184 3192 3193 4175 4174 164 5094 
	}
}
safi={
	location=345
	color={
191 110 62 	}
	outgoing={
		name="sevilla"
		path={
			348 2469 342 5219 334 1293 
		}
		control={
			2512.000000 1540.000000 2535.000000 1556.000000 2545.000000 1579.000000 2535.000000 1591.000000 
		}
	}
	members={
		344 345 346 347 348 1110 1127 2460 2464 2466 2467 2468 2469 2470 366 368 1111 2461 2462 2463 2465 336 337 342 343 349 1128 5096 5211 5212 5213 5219 5228 5229 3732 3733 3734 3735 3736 3737 3741 3744 3746 4167 4168 
	}
}
wien={
	location=134
	color={
220 220 220 	}
	inland=yes
	outgoing={
		name="venice"
		path={
			3051 1863 3050 129 1769 1308 
		}
		control={
			2882.000000 1798.000000 2880.000000 1782.000000 2871.000000 1777.000000 2870.000000 1770.000000 2864.000000 1768.000000 2856.000000 1763.000000 2848.000000 1760.000000 
		}
	}
	outgoing={
		name="rheinland"
		path={
			1770 133 64 2957 67 71 79 77 3207 1876 
		}
		control={
			2861.000000 1811.000000 2828.000000 1824.000000 2811.000000 1838.000000 2788.000000 1839.000000 
		}
	}
	outgoing={
		name="saxony"
		path={
			1770 2968 267 2967 2965 62 59 
		}
		control={
			2884.000000 1821.000000 2864.000000 1827.000000 2864.000000 1844.000000 2859.000000 1861.000000 
		}
	}
	members={
		64 65 67 68 69 71 73 76 132 133 134 135 152 265 1757 1770 1772 1863 1868 1872 2955 2956 2957 2968 3050 3051 3052 3053 3143 3144 3151 3296 3297 4159 
	}
}
saxony={
	location=59
	inland=yes
	outgoing={
		name="rheinland"
		path={
			58 3215 1762 81 3209 1876 
		}
		control={
			2818.000000 1864.000000 2791.000000 1862.000000 
		}
	}
	outgoing={
		name="lubeck"
		path={
			52 2964 53 1857 45 
		}
		control={
			2822.000000 1882.000000 2826.000000 1893.000000 2819.000000 1904.000000 
		}
	}
	members={
		57 62 63 66 1758 60 61 266 267 1759 1763 1771 52 58 59 2964 2965 2966 2967 2969 2970 3140 3211 3212 3213 3214 3215 
	}
}
baltic_sea={
	location=1926
	color={
8 82 165 	}
	outgoing={
		name="lubeck"
		path={
			1255 1257 1258 45 
		}
		control={
			2934.000000 1993.000000 2931.000000 1999.000000 2920.000000 1993.000000 2889.000000 1952.000000 2843.000000 1942.000000 2825.000000 1927.000000 
		}
	}
	members={
		1926 1 2 3 4 5 1985 8 9 10 11 18 19 25 27 28 29 35 36 37 38 39 40 271 273 1834 1842 1930 1935 41 42 43 1841 1859 767 2958 2997 3121 3122 3123 3124 4114 3128 4123 3224 3226 3227 3228 3229 3230 3231 3293 5097 4113 4151 4152 31 
	}
}
rheinland={
	location=1876
	color={
114 171 184 	}
	inland=yes
	outgoing={
		name="champagne"
		path={
			78 1760 80 94 3069 3071 186 
		}
		control={
			2756.000000 1849.000000 2743.000000 1838.000000 2721.000000 1823.000000 
		}
	}
	outgoing={
		name="lubeck"
		path={
			83 3201 82 2972 3202 2971 1874 1268 44 1857 45 
		}
		control={
			2774.000000 1858.000000 2785.000000 1871.000000 2798.000000 1890.000000 2804.000000 1908.000000 
		}
	}
	members={
		56 70 72 74 75 77 78 79 80 81 82 83 84 85 86 94 165 166 188 1742 1760 1761 1762 1869 1870 1876 1878 1880 2972 2973 2975 3055 3063 3197 3198 3199 3200 3201 3202 3203 3204 3205 3206 3207 3208 3209 3210 3292 
	}
}
panama={
	location=835
	outgoing={
		name="carribean_trade"
		path={
			1515 1517 1516 
		}
		control={
			1395.000000 1180.000000 1414.000000 1237.000000 
		}
	}
	members={
		824 825 826 827 828 829 832 835 836 837 838 839 840 2002 2637 2640 2660 2661 2662 2663 2664 2813 2819 2653 2636 
	}
}
carribean_trade={
	location=1516
	outgoing={
		name="chesapeake_bay"
		path={
			1524 1503 1502 1501 1500 
		}
		control={
			1487.000000 1328.000000 1452.000000 1362.000000 1432.000000 1400.000000 1433.000000 1432.000000 1399.000000 1506.000000 1456.000000 1558.000000 1473.000000 1599.000000 
		}
	}
	outgoing={
		name="bordeaux"
		path={
			1524 1574 1572 1582 1568 1567 1563 1290 1277 1276 
		}
		control={
			1538.000000 1279.000000 1638.000000 1344.000000 1839.000000 1524.000000 2173.000000 1684.000000 2455.000000 1735.000000 2535.000000 1757.000000 2590.000000 1751.000000 
		}
	}
	outgoing={
		name="sevilla"
		path={
			1524 1574 1572 1582 1568 1567 1566 1292 1293 
		}
		control={
			1548.000000 1263.000000 1658.000000 1313.000000 1899.949951 1502.949951 2203.000000 1624.000000 2367.000000 1617.000000 2427.000000 1609.000000 
		}
	}
	outgoing={
		name="barcelona"
		path={
			1524 1574 1572 1582 1568 1567 1566 1292 1293 1294 1295 
		}
		control={
			1548.000000 1263.000000 1658.000000 1313.000000 1900.000000 1503.000000 2203.000000 1624.000000 2367.000000 1617.000000 2428.000000 1604.000000 2499.000000 1587.000000 2536.000000 1586.000000 2554.000000 1589.000000 2589.000000 1590.000000 2629.000000 1605.000000 2641.000000 1636.000000 
		}
	}
	members={
		1516 482 483 484 485 486 487 488 489 490 491 492 493 494 495 496 497 498 499 500 501 502 741 831 926 1881 2654 2655 2656 2658 2659 2535 2536 2803 2805 2808 2809 2939 2806 830 2807 927 2534 928 923 2533 
	}
}
chesapeake_bay={
	location=1500
	color={
193 26 14 	}
	outgoing={
		name="st_lawrence"
		path={
			1499 1492 2570 5046 2572 1491 1490 
		}
		control={
			1492.000000 1666.000000 1537.000000 1673.000000 1553.000000 1690.000000 1549.000000 1722.000000 1574.000000 1731.000000 1594.000000 1739.000000 1604.000000 1748.000000 1601.000000 1755.000000 1602.000000 1762.000000 1598.000000 1765.000000 1597.000000 1769.000000 1603.000000 1774.000000 1612.000000 1784.000000 1630.000000 1799.000000 1635.000000 1819.000000 1619.000000 1829.000000 
		}
	}
	outgoing={
		name="english_channel"
		path={
			1570 1573 1569 1565 1564 1563 1289 1274 1272 1271 1269 
		}
		control={
			1636.000000 1531.000000 2112.000000 1738.000000 2412.000000 1772.000000 2535.000000 1834.000000 2578.000000 1842.000000 2594.000000 1849.000000 2624.000000 1851.000000 2651.000000 1858.000000 2666.000000 1869.000000 2682.000000 1878.000000 
		}
	}
	members={
		1500 481 924 929 930 931 932 933 936 937 938 949 950 952 953 955 956 957 962 963 965 966 967 968 969 970 2010 2011 2013 2023 2537 2538 2539 2540 2541 2542 2543 2544 2545 2546 2547 2549 2550 2552 2553 2554 2556 2557 2558 2560 2561 2562 2564 2565 2639 925 
	}
}
st_lawrence={
	location=1490
	color={
0 30 120 	}
	outgoing={
		name="north_sea"
		path={
			1493 1496 1497 1564 1479 1478 1283 1299 1281 1975 
		}
		control={
			1621.000000 1844.000000 1699.000000 1842.000000 1725.000000 1863.000000 1743.000000 1865.000000 1757.000000 1873.000000 1778.000000 1876.000000 1850.000000 1878.000000 1967.000000 1910.000000 2196.000000 1926.000000 2324.000000 2012.000000 2460.000000 1995.000000 2560.000000 2018.000000 2607.000000 2002.000000 2637.000000 1967.000000 
		}
	}
	outgoing={
		name="irish_sea"
		path={
			1491 1494 1495 1565 1564 1563 1288 1285 1284 
		}
		control={
			1628.000000 1832.000000 1656.000000 1821.000000 1689.000000 1811.000000 1707.000000 1793.000000 1750.000000 1792.000000 1762.000000 1780.000000 1783.000000 1782.000000 1805.000000 1776.000000 1841.000000 1796.000000 1929.000000 1794.000000 2053.000000 1827.000000 2218.000000 1799.000000 2314.000000 1826.000000 2367.000000 1818.000000 2387.000000 1813.000000 2398.000000 1814.000000 2408.000000 1816.000000 2421.000000 1820.000000 2453.000000 1834.000000 2475.000000 1859.000000 2510.000000 1868.000000 2542.000000 1882.000000 
		}
	}
	outgoing={
		name="bordeaux"
		path={
			1491 1494 1495 1565 1564 1563 1290 1277 1276 
		}
		control={
			1628.000000 1832.000000 1656.000000 1821.000000 1689.000000 1811.000000 1707.000000 1793.000000 1750.000000 1792.000000 1762.000000 1780.000000 1783.000000 1782.000000 1805.000000 1776.000000 1841.000000 1796.000000 1929.000000 1794.000000 2053.000000 1827.000000 2218.000000 1799.000000 2314.000000 1826.000000 2367.000000 1818.000000 2387.000000 1813.000000 2398.000000 1814.000000 2408.000000 1816.000000 2422.000000 1815.000000 2453.000000 1807.000000 2496.000000 1795.000000 2553.000000 1804.000000 2590.000000 1767.000000 
		}
	}
	members={
		971 982 983 984 985 986 990 991 992 993 994 995 996 2012 1490 2566 2567 2568 2569 2570 2571 2572 2576 2577 2578 2579 2580 2581 2582 2583 2584 2585 2559 2563 5010 5011 5012 5014 5015 5019 2588 2590 5046 5047 5048 5049 5050 5051 5052 5053 5054 5055 5056 5060 
	}
}
north_sea={
	location=1975
	color={
117 165 188 	}
	outgoing={
		name="english_channel"
		path={
			1269 
		}
		control={
			2681.000000 1928.000000 
		}
	}
	outgoing={
		name="lubeck"
		path={
			1266 1267 1259 1258 45 
		}
		control={
			2722.000000 1993.000000 2774.000000 1990.000000 2803.000000 1995.000000 2815.000000 1980.000000 2805.000000 1953.000000 2808.000000 1943.000000 2807.000000 1934.000000 2815.000000 1928.000000 
		}
	}
	members={
		1975 20 21 22 23 24 243 245 246 248 250 251 252 253 315 369 1978 2752 1861 4110 3021 3022 3023 3117 3118 3119 3137 3138 3139 5099 3026 4146 4153 
	}
}
lubeck={
	location=45
	color={
190 70 70 	}
	outgoing={
		name="english_channel"
		path={
			1857 44 1268 1269 
		}
		control={
			2799.000000 1908.000000 2791.000000 1910.000000 2786.000000 1910.000000 2780.000000 1916.000000 2767.000000 1918.000000 2741.000000 1915.000000 2729.000000 1908.000000 2720.000000 1905.000000 2713.000000 1899.000000 
		}
	}
	members={
		6 12 13 14 15 16 17 26 44 45 46 47 50 53 54 55 1775 1857 1874 48 49 1858 1982 1981 1983 1984 7 1931 51 2971 2993 2994 2995 2996 3134 3135 3216 3217 3120 4165 4166 4163 4164 4143 4144 4145 4142 4149 4141 3703 
	}
}
bordeaux={
	location=1276
	color={
36 132 247 	}
	outgoing={
		name="champagne"
		path={
			1275 172 178 3076 184 185 186 
		}
		control={
			2611.000000 1766.000000 2599.000000 1778.000000 2601.000000 1789.000000 2610.000000 1788.000000 2619.000000 1791.000000 2630.000000 1792.000000 2638.000000 1790.000000 2648.000000 1793.000000 2658.000000 1797.000000 2665.000000 1802.000000 2678.000000 1802.000000 
		}
	}
	members={
		1276 170 171 172 173 174 175 176 180 194 209 210 1745 169 178 195 196 198 3067 3068 3077 3078 4111 3080 3081 4112 3083 3084 3087 3109 
	}
}
irish_sea={
	location=1284
	color={
0 130 70 	}
	outgoing={
		name="english_channel"
		path={
			3024 240 3025 237 236 1270 1269 
		}
		control={
			2551.000000 1872.000000 2565.000000 1872.000000 2579.000000 1867.000000 2587.000000 1867.000000 2593.000000 1872.000000 2605.000000 1875.000000 2614.000000 1875.000000 2619.000000 1871.000000 2623.000000 1871.000000 2629.000000 1868.000000 2636.000000 1871.000000 2642.000000 1869.000000 2654.000000 1873.000000 2674.000000 1891.000000 
		}
	}
	members={
		233 240 241 242 244 247 249 372 373 374 375 376 1284 3004 3005 3006 3007 3009 3010 3012 3014 3016 3018 3019 3020 3024 3031 4130 3033 3034 3035 3036 4121 4118 4119 4120 239 3025 3008 
	}
}
barcelona={
	location=1295
	color={
208 13 81 	}
	outgoing={
		name="sevilla"
		path={
			1294 1293 
		}
		control={
			2640.000000 1647.000000 2627.000000 1643.000000 2622.000000 1645.000000 2614.000000 1644.000000 2600.000000 1645.000000 2589.000000 1646.000000 2572.000000 1639.000000 2564.000000 1623.000000 2545.000000 1617.000000 2542.000000 1612.000000 2536.000000 1603.000000 
		}
	}
	outgoing={
		name="genua"
		path={
			1296 1297 1298 
		}
		control={
			2680.000000 1659.000000 2716.000000 1691.000000 2760.000000 1706.000000 
		}
	}
	outgoing={
		name="champagne"
		path={
			1296 3085 3086 3088 1877 3091 192 3093 186 
		}
		control={
			2658.000000 1670.000000 2693.000000 1690.000000 2700.000000 1716.000000 2704.000000 1723.000000 2712.000000 1731.000000 2710.000000 1740.000000 2713.000000 1749.000000 2711.000000 1756.000000 2712.000000 1763.000000 2710.000000 1768.000000 2713.000000 1775.000000 2713.000000 1783.000000 2718.000000 1794.000000 2708.000000 1798.000000 2705.000000 1805.000000 2698.000000 1811.000000 
		}
	}
	outgoing={
		name="napoli"
		path={
			1301 1302 1304 121 
		}
		control={
			2708.000000 1641.000000 2763.000000 1679.000000 2804.000000 1675.000000 2837.000000 1663.000000 
		}
	}
	members={
		1295 197 200 211 212 213 214 220 333 1750 2753 2987 2988 2990 3085 3086 3094 3095 5095 5098 3700 4154 
	}
}
napoli={
	location=121
	color={
137 45 176 	}
	outgoing={
		name="genua"
		path={
			1303 1297 1298 
		}
		control={
			2824.000000 1679.000000 2799.000000 1711.000000 
		}
	}
	outgoing={
		name="venice"
		path={
			3039 118 2976 2977 1308 
		}
		control={
			2868.000000 1690.000000 2851.000000 1707.000000 2844.000000 1720.000000 2822.000000 1739.000000 
		}
	}
	members={
		118 119 120 121 122 123 124 125 126 1933 1934 2976 2982 2983 2984 2985 2986 3037 3038 3039 3295 
	}
}
sevilla={
	location=1293
	color={
57 160 101 	}
	members={
		206 207 208 1746 215 216 231 232 1293 217 218 219 221 222 223 224 225 226 227 228 229 230 334 335 367 1747 1748 1749 1751 1851 2751 2754 2755 2989 3096 3097 3098 3099 3100 3101 3102 3103 3104 3105 3106 3108 3298 3299 3300 5210 5218 4150 
	}
	end=yes
}
champagne={
	location=186
	color={
193 26 14 	}
	inland=yes
	members={
		91 93 177 179 181 182 183 184 185 186 187 189 190 191 192 193 199 1743 1866 1877 1879 3066 3069 3070 3071 3072 3075 3076 3088 3091 3092 3093 
	}
	end=yes
}
venice={
	location=1308
	color={
54 167 156 	}
	members={
		1308 104 107 108 109 110 111 112 113 114 128 129 130 131 1768 1769 1774 1826 1862 1873 1828 2977 3041 3047 3048 3049 3054 3191 3196 3294 3702 4160 
	}
	end=yes
}
genua={
	location=1298
	color={
218 215 56 	}
	members={
		1298 101 102 103 127 201 202 204 205 1867 1871 1875 105 106 115 116 117 203 1247 2978 2979 2980 2981 2991 2992 3040 3042 3043 3044 3045 3046 3056 3089 3090 3701 4157 4161 4162 
	}
	end=yes
}
english_channel={
	location=1269
	color={
220 138 57 	}
	members={
		234 235 236 237 238 1860 87 88 90 92 95 96 97 98 99 100 1744 1865 89 167 168 1269 2974 3027 3028 3029 3030 3057 3058 3059 3060 3061 3062 3064 3065 3073 3074 3110 
	}
	end=yes
}
white_sea={
	color={ 
210 46 28 }
	location=1652
	outgoing={
		name="north_sea"
		path={
			1263 1264 1265 1929 1266 1975 
		}
		control={
			3290.000000 2216.000000 3068.000000 2296.000000 2935.000000 2277.000000 2797.000000 2201.000000 2708.000000 2079.000000 2714.000000 2013.000000 
		}
	}
	members={
		1652 313 1755 1776 1777 1955 1958 1963 1964 2425 2426 1780 1072 3282 3284 3285 3705 3706 4122 4129 
	}
}
east_pacific={
	color={ 
42 231 38 }
	location=1431
	outgoing={
		name="australia"
		path={
			1429 1412 1411 1092 
		}
		control={
			5254.000000 608.000000 5140.000000 522.000000 
		}
	}
	outgoing={
		name="the_moluccas"
		path={
			1430 1432 1405 1404 1400 645 1357 
		}
		control={
			5271.000000 775.000000 5130.000000 890.000000 4962.000000 947.000000 4801.000000 1013.000000 4661.000000 1018.000000 4608.000000 962.000000 
		}
	}
	members={
		1106 1107 1108 1109 1238 1239 1241 1242 1243 1244 1246 1986 1987 1988 1989 1990 1991 1992 2737 2738 2739 5021 5022 5023 5024 5025 5026 1431 
	}
}
thingvellir={
	color={
65 255 200 	}
	location=370
	outgoing={
		name="north_sea"
		path={
			1476 1299 1281 
		}
		control={
			2364.000000 2103.000000 2530.000000 2077.000000 2607.000000 2032.000000 2652.000000 2000.000000 
		}
	}
	members={
		370 371 980 981 997 1104 1105 1804 1807 1979 2573 2574 2575 3111 3112 3113 3114 3115 3704 4974 4996 4997 4998 5013 5058 5059 
	}
}
